NO:
[(9, 7,  5.426) (9, 4,  6.01 ) (5, 3,  6.119) (9, 8,  6.401)
 (6, 5,  6.699) (8, 5,  6.967) (8, 3,  7.02 ) (8, 2,  7.078)
 (6, 2,  7.332) (8, 4,  7.381) (5, 0,  7.519) (7, 4,  7.583)
 (5, 2,  7.907) (4, 2,  7.933) (5, 4,  8.002) (6, 0,  8.154)
 (3, 2,  8.178) (9, 5,  8.259) (9, 3,  8.354) (8, 7,  8.468)
 (8, 6,  8.587) (6, 4,  8.782) (7, 2,  8.873) (9, 2,  8.888)
 (7, 3,  8.922) (4, 3,  9.088) (3, 0,  9.144) (7, 5,  9.212)
 (6, 3,  9.302) (2, 0,  9.335) (8, 0,  9.908) (9, 1,  9.932)
 (8, 1, 10.087) (2, 1, 10.125) (4, 1, 10.174) (9, 6, 10.44 )
 (6, 1, 10.615) (7, 1, 10.743) (4, 0, 10.77 ) (7, 6, 10.888)
 (5, 1, 11.119) (9, 0, 11.489) (3, 1, 11.733) (7, 0, 11.865)
 (1, 0, 14.45 )]

PCA:
[(8, 4,  0.411) (5, 3,  1.687) (6, 2,  2.657) (9, 4,  2.821)
 (4, 3,  2.822) (8, 3,  2.914) (5, 2,  3.077) (9, 8,  3.127)
 (9, 7,  3.396) (3, 2,  3.756) (8, 2,  4.077) (8, 5,  4.169)
 (5, 4,  4.202) (4, 2,  4.38 ) (9, 3,  5.023) (6, 5,  5.463)
 (7, 4,  5.583) (8, 7,  5.979) (6, 3,  6.393) (8, 6,  6.451)
 (7, 3,  6.553) (9, 5,  6.655) (6, 4,  6.806) (9, 2,  7.197)
 (5, 0,  7.467) (7, 5,  8.201) (8, 1,  8.388) (2, 0,  8.529)
 (6, 0,  8.697) (4, 1,  8.7  ) (6, 1,  8.909) (2, 1,  9.057)
 (3, 0,  9.076) (9, 1,  9.412) (9, 6,  9.556) (7, 2,  9.732)
 (3, 1, 10.974) (5, 1, 11.506) (8, 0, 11.556) (4, 0, 11.64 )
 (7, 6, 12.303) (7, 1, 12.729) (9, 0, 14.099) (7, 0, 15.126)
 (1, 0, 17.395)]

U-MAP:
[(5, 3,  1.289) (9, 7,  1.355) (9, 4,  1.820)
 (8, 3,  1.917) (5, 2,  2.138) (7, 4,  2.661)
 (8, 5,  2.740) (3, 2,  2.888) (8, 2,  2.963)
 (6, 0,  3.118) (6, 5,  3.872) (4, 2,  4.080)
 (4, 1,  4.349) (8, 7,  4.488) (6, 2,  4.547)
 (5, 0,  4.900) (2, 1,  5.024) (7, 2,  5.025)
 (6, 3,  5.059) (8, 4,  5.212) (9, 2,  5.276)
 (9, 8,  5.443) (3, 0,  5.552) (5, 4,  6.104)
 (9, 1,  6.126) (7, 3,  6.234) (4, 3,  6.394)
 (7, 5,  6.486) (2, 0,  6.553) (8, 6,  6.576)
 (6, 1,  6.728) (5, 1,  6.921) (7, 1,  6.968)
 (9, 3,  7.015) (9, 5,  7.044) (8, 0,  7.447)
 (8, 1,  7.734) (3, 1,  7.893) (6, 4,  8.232)
 (7, 6,  9.569) (9, 6,  9.706) (1, 0,  9.769)
 (4, 0, 10.600) (7, 0, 11.364) (9, 0, 11.807)]

T-SNE:
[(5, 3,  2.943) (9, 4,  6.793) (9, 7, 14.642)
 (8, 5, 18.631) (8, 3, 18.684) (7, 4, 21.084)
 (8, 4, 24.430) (8, 2, 25.003) (9, 8, 25.284)
 (8, 7, 27.551) (6, 0, 29.698) (3, 2, 30.993)
 (2, 1, 31.170) (6, 2, 31.757) (3, 0, 33.099)
 (5, 2, 33.245) (5, 0, 34.905) (4, 2, 37.650)
 (7, 5, 39.284) (4, 1, 40.381) (6, 3, 40.929)
 (7, 3, 41.080) (9, 5, 42.151) (9, 2, 42.363)
 (5, 4, 42.574) (4, 3, 43.001) (9, 3, 43.034)
 (6, 5, 43.842) (8, 1, 46.419) (9, 1, 47.166)
 (2, 0, 47.618) (8, 6, 48.898) (8, 0, 50.125)
 (7, 2, 50.344) (6, 1, 57.158) (3, 1, 59.763)
 (7, 1, 60.783) (5, 1, 61.381) (6, 4, 68.178)
 (9, 6, 71.857) (7, 0, 74.148) (4, 0, 74.247)
 (9, 0, 75.359) (7, 6, 76.444) (1, 0, 78.389)]